36
33
55
88
34
12
14
14
3
6
27
18
48
75
79
43
82
45
80
67
30
19
14
33
61
12
69
12
6
28
100
42
16
68
41
40
86
12
12
99
71
46
49
22
67
45
72
24
83
99
91
12
51
67
35
18
37
1
70
42
59
50
81
78
35
10
76
34
82
46
42
30
38
73
21
10
33
15
66
19
37
25
100
64
77
95
26
61
15
25
86
51
68
77
29
46
87
1
37
10
68
31
48
25
5
98
93
53
79
95
62
55
52
81
40
26
98
36
58
41
66
76
92
49
63
49
17
35
38
97
87
1
65
43
4
80
24
49
78
92
69
52
42
62
7
9
1
53
92
71
86
29
43
88
56
97
40
85
65
98
7
81
12
99
40
67
23
98
31
25
12
1
72
13
24
5
69
90
29
4
67
28
72
26
81
57
24
27
84
78
44
11
37
45
28
59
2
54
70
15
84
7
19
31
28
55
62
2
44
13
52
9
94
5
71
32
74
35
89
58
21
3
56
21
18
59
56
10
71
14
98
30
94
78
96
21
61
89
10
29
81
11
77
25
90
81
50
77
38
72
32
87
44
88
14
21
33
30
7
68
13
82
59
42
40
13
31
47
63
97
95
17
66
92
97
87
82
84
8
27
6
10
84
74
86
77
76
64
96
43
63
46
24
94
25
43
59
38
54
75
36
79
23
14
69
28
52
77
88
63
80
8
1
32
72
35
93
32
11
38
26
75
29
94
84
16
47
73
88
89
75
3
88
87
97
32
57
92
66
60
54
60
56
41
5
58
24
36
15
84
47
7
47
63
59
25
43
51
25
96
65
100
8
78
72
66
16
25
97
92
97
81
5
15
67
34
87
44
27
37
71
6
26
85
81
10
59
68
2
84
55
31
42
44
60
100
98
50
70
97
75
34
53
74
31
50
44
45
34
71
83
51
99
92
80
48
78
17
72
18
28
44
84
71
46
4
40
3
19
37
83
73
25
33
48
64
47
79
59
74
74
8
51
42
9
4
91
74
11
66
57
88
44
42
27
20
69
85
67
64
36
14
37
56
71
13
45
86
46
90
27
45
3
76
14
20
45
63
30
65
22
39
51
89
25
46
42
57
79
67
58
83
66
39
74
9
40
74
46
80
29
1
64
49
45
32
52
37
94
79
78
61
41
75
56
36
16
95
23
41
69
71
73
49
25
76
27
6
24
3
58
98
2
46
66
87
72
76
63
6
63
92
69
44
26
43
45
28
57
54
89
65
97
9
41
87
43
78
49
29
34
46
93
11
96
44
63
56
42
15
87
13
56
61
59
81
97
98
30
90
87
20
8
37
7
79
79
93
14
69
61
14
41
94
48
75
52
27
16
86
77
2
74
11
32
93
68
52
6
68
89
19
87
29
41
84
66
48
93
83
55
4
74
10
72
77
62
94
94
16
99
74
35
39
77
4
29
50
96
92
82
8
6
35
62
37
41
90
18
30
12
48
74
51
26
74
23
90
69
9
46
59
64
83
57
43
65
16
5
77
36
25
12
82
16
89
52
31
69
88
59
20
27
36
73
26
74
25
55
36
64
84
75
75
56
76
26
22
47
71
72
94
11
17
63
56
16
13
3
56
77
46
12
93
95
30
61
5
79
50
13
85
4
61
48
66
80
89
93
18
98
50
2
63
61
55
28
96
27
1
34
69
68
2
75
48
55
93
63
50
51
39
59
27
71
43
61
13
68
60
64
68
60
13
2
60
88
23
86
2
24
45
83
21
99
58
50
51
24
19
51
49
94
75
8
100
32
63
20
36
99
78
98
50
19
28
55
71
58
22
10
72
67
37
83
41
83
70
68
33
69
37
86
92
55
96
67
35
80
91
89
88
63
100
69
69
81
21
80
33
34
13
36
65
19
39
73
8
19
60
17
46
74
31
30
21
14
4
21
36
67
11
61
20
52
94
10
7
42
22
21
39
69
65
18
92
55
31
41
71
39
8
71
88
92
74
42
3
94
62
21
19
97
43
17
64
63
7
5
51
100
38
74
4
13
77
45
93
13
72
39
55
94
99
88
85
71
78
67
37
72
62
41
98
84
99
97
32
40
69
81
74
99
64
17
2
39
35
12
2
99
43
85
60
23
39
38
49
51
84
75
34
39
51
76
88
54
25
36
60
81
39
58
69
52
91
84
16
10
10
35
86
10
65
57
8
88
23
5
94
66
93
96
32
76
61
71
85
39
29
9
82
32
86
88
4
42
90
63
39
86
64
90
25
70
89
45
85
43
51
67
58
22
82
77
52
36
93
79
94
